26
40
41
46
47
49
60
68
74
75
80
84
95
103
112
113
115
115
117
119
123
127
131
135
138
146
152
155
159
159
159
161
163
171
174
174
174
176
183
184
188
189
189
190
190
193
205
206
211
214
217
219
223
225
241
245
249
260
264
266
269
270
281
284
288
289
291
297
308
308
312
313
314
314
315
318
321
322
322
324
326
329
339
345
348
350
355
361
369
373
383
384
390
391
396
405
409
413
415
417
422
423
424
426
435
436
437
442
445
448
448
448
455
458
467
471
476
477
479
481
484
490
499
506
512
513
518
519
532
542
548
556
580
581
585
592
594
595
603
605
611
618
627
628
633
640
644
647
649
649
650
657
663
669
684
689
724
750
754
761
761
768
768
773
773
776
779
782
785
806
819
822
822
824
826
838
839
847
873
875
890
893
903
911
914
915
921
933
941
948
966
966
980
987
992
996
1026
1036
1039
1045
1060
1079
1093
1093
1099
1105
1110
1114
1135
1135
1141
1158
1197
1204
1208
1216
1240
1334
1367
1383
1402
1436
1439
1471
1485
1487
1501
1502
1520
1550
1587
1589
1599
1608
1624
1641
1663
1671
1677
1703
1740
1760
1783
1802
1805
1836
1865
1892
1901
1925
1944
1984
2012
2055
2066
2123
2172
2203
2207
2234
2288
2310
2320
2371
2385
2436
2456
2498
2557
2578
2594
2649
2706
2737
2741
2777
2954
3071
3098
3179
3787
4125
4143
4312
4499
4609
5036
5059
5117
5481
5507
5604
5911
6004
6005
6006
6007
6008
6009
6009
