1 200 2.288027
2 200 0.760554
3 200 0.348375
4 200 0.134950
5 200 6.008970
6 200 0.648749
7 200 0.822477
8 200 0.604557
9 200 0.146342
10 200 0.114915
11 200 0.222680
12 200 0.663087
13 200 0.312959
14 200 0.768019
15 200 0.311620
16 200 0.111949
17 200 2.594199
18 200 2.011634
19 200 0.421864
20 200 1.900734
21 200 1.436250
22 200 4.499068
23 200 5.481093
24 200 0.384443
25 200 0.873353
26 200 0.498541
27 200 1.520462
28 200 0.455409
29 200 0.650357
30 200 0.519282
31 200 1.487043
32 200 0.772756
33 200 1.439050
34 200 0.437243
35 200 0.182687
36 200 0.580213
37 200 2.736938
38 200 0.321501
39 200 0.980256
40 200 0.767817
41 200 2.497994
42 200 1.944009
43 200 5.036428
44 200 0.326459
45 200 0.447829
46 200 0.911405
47 200 0.158915
48 200 6.005473
49 200 0.183944
50 200 1.865271
51 200 0.940837
52 200 0.513237
53 200 0.772709
54 200 0.102705
55 200 1.641404
56 200 0.059784
57 200 4.312260
58 200 0.204836
59 200 0.447633
60 200 0.668903
61 200 0.933200
62 200 0.206217
63 200 1.098524
64 200 2.370904
65 200 1.550113
66 200 0.289114
67 200 0.269653
68 200 1.924867
69 200 0.248975
70 200 1.367193
71 200 1.382866
72 200 0.047055
73 200 4.142995
74 200 0.913577
75 200 2.436071
76 200 6.004096
77 200 2.309933
78 200 0.643953
79 200 1.035737
80 200 5.911137
81 200 0.753878
82 200 1.060291
83 200 0.965924
84 200 4.124651
85 200 0.750250
86 200 0.224732
87 200 0.445241
88 200 5.058719
89 200 1.702712
90 200 0.818858
91 200 0.481071
92 200 0.626831
93 200 0.594905
94 200 0.423166
95 200 0.288233
96 200 0.323888
97 200 1.135390
98 200 0.478558
99 200 1.804806
100 200 1.039147
101 200 0.188938
102 200 1.984086
103 200 0.593839
104 200 0.284028
105 200 2.203487
106 200 1.215509
107 200 1.239671
108 200 0.874735
109 200 0.188423
110 200 0.610820
111 200 0.838299
112 200 0.320532
113 200 0.046248
114 200 1.092949
115 200 1.105171
116 200 0.161490
117 200 5.507139
118 200 0.360715
119 200 0.457907
120 200 2.777075
121 200 0.416548
122 200 0.405436
123 200 2.171792
124 200 2.740542
125 200 2.066095
126 200 0.137994
127 200 0.073746
128 200 0.824023
129 200 1.623977
130 200 0.216612
131 200 0.396068
132 200 0.781544
133 200 0.213664
134 200 0.329132
135 200 0.163496
136 200 0.210547
137 200 0.307643
138 200 0.152235
139 200 0.992410
140 200 1.203756
141 200 0.049203
142 200 0.040113
143 200 1.045278
144 200 0.131357
145 200 0.173540
146 200 0.996084
147 200 0.259806
148 200 0.448038
149 200 2.384916
150 200 2.577796
151 200 2.556544
152 200 5.117040
153 200 1.662575
154 200 0.193363
155 200 0.158603
156 200 1.092837
157 200 0.477013
158 200 2.649292
159 200 1.588743
160 200 0.170503
161 200 0.987436
162 200 1.598632
163 200 0.483553
164 200 0.126592
165 200 2.319897
166 200 0.390949
167 200 6.008549
168 200 2.954400
169 200 0.068114
170 200 2.456460
171 200 0.822481
172 200 0.084061
173 200 0.760891
174 200 1.801509
175 200 6.007496
176 200 0.290794
177 200 0.647304
178 200 1.402068
179 200 0.345234
180 200 1.502259
181 200 0.174061
182 200 0.318071
183 200 0.966478
184 200 0.442499
185 200 0.915309
186 200 2.055354
187 200 1.836444
188 200 0.425933
189 200 1.607804
190 200 1.025666
191 200 0.307827
192 200 0.947548
193 200 6.007747
194 200 0.471125
195 200 5.604104
196 200 0.095168
197 200 0.315124
198 200 0.173920
199 200 1.739525
200 200 0.921200
201 200 0.373153
202 200 0.889997
203 200 0.117104
204 200 0.805835
205 200 0.041297
206 200 0.688997
207 200 0.026167
208 200 0.265739
209 200 0.839135
210 200 0.903303
211 200 0.218905
212 200 0.541812
213 200 0.585095
214 200 3.178600
215 200 0.176478
216 200 0.123220
217 200 0.413017
218 200 0.633468
219 200 0.159412
220 200 0.115216
221 200 0.080498
222 200 1.110373
223 200 1.208349
224 200 0.296938
225 200 1.197001
226 200 0.531653
227 200 0.784517
228 200 1.891837
229 200 0.112777
230 200 0.475862
231 200 0.389888
232 200 0.241222
233 200 3.786513
234 200 0.424309
235 200 1.782792
236 200 0.339274
237 200 1.333772
238 200 2.207151
239 200 0.355236
240 200 0.321674
241 200 0.592361
242 200 0.436380
243 200 0.640191
244 200 0.189133
245 200 0.382902
246 200 1.470507
247 200 0.724333
248 200 0.617805
249 200 1.501130
250 200 0.268647
251 200 0.349915
252 200 0.511728
253 200 2.122640
254 200 0.190266
255 200 0.775749
256 200 1.157992
257 200 0.408932
258 200 0.118792
259 200 0.280761
260 200 2.234265
261 200 1.485220
262 200 1.135159
263 200 0.581013
264 200 0.245072
265 200 0.264099
266 200 1.113585
267 200 1.760491
268 200 0.490466
269 200 1.676841
270 200 0.684105
271 200 0.555795
272 200 0.314093
273 200 0.506473
274 200 0.648769
275 200 0.548415
276 200 0.155083
277 200 4.609021
278 200 6.006103
279 200 0.189629
280 200 0.825520
281 200 1.140652
282 200 3.097918
283 200 0.603459
284 200 0.517673
285 200 0.074801
286 200 0.627878
287 200 0.368826
288 200 0.657227
289 200 0.778784
290 200 1.079472
291 200 1.586521
292 200 0.467282
293 200 3.070791
294 200 0.893282
295 200 0.314197
296 200 0.847276
297 200 2.705744
298 200 0.415437
299 200 0.435190
300 200 1.671079
