74
75
88
89
89
91
91
92
92
92
93
94
94
95
95
95
95
97
97
99
99
100
104
104
105
108
108
108
109
109
110
111
112
113
114
114
114
115
115
116
116
116
117
117
119
120
120
121
124
129
130
134
136
136
137
138
139
140
140
141
143
147
151
151
154
155
156
157
157
160
162
163
163
165
166
167
167
169
169
173
173
174
176
177
178
180
180
187
188
194
195
198
204
204
205
210
212
214
216
218
219
219
221
248
252
257
271
271
272
272
283
286
292
315
335
380
401
450
452
463
464
477
492
505
509
518
532
537
559
566
572
573
573
584
584
588
590
594
603
603
607
607
608
608
608
609
609
612
615
617
617
619
619
619
621
622
623
626
627
628
629
629
632
635
651
655
657
663
674
678
680
680
682
683
683
683
693
694
701
706
714
735
737
749
749
766
769
771
788
798
804
805
813
813
833
839
846
865
867
880
898
914
942
980
987
988
992
1044
1045
1046
1059
1067
1071
1071
1078
1094
1112
1113
1115
1116
1161
1194
1201
1202
1235
1238
1292
1300
1333
1339
1384
1425
1429
1461
1479
1480
1501
1532
1593
1598
1611
1628
1630
1641
1660
1678
1703
1810
1858
1904
1921
2056
2116
2141
2177
2187
2188
2201
2298
2313
2338
2356
2397
2466
2473
2594
2627
2713
2753
2833
2879
2882
2901
2934
2936
2953
2981
2995
3057
3121
3183
3202
3203
3771
3861
4035
4260
4398
4522
4605
4694
4737
5082
5118
5165
5185
5195
5282
5606
5614
