1 200 3.057031
2 200 1.071413
3 200 3.183456
4 200 5.614327
5 200 1.531976
6 200 2.116039
7 200 2.752634
8 200 1.479899
9 200 2.338451
10 200 4.035325
11 200 2.980562
12 200 3.121346
13 200 0.614916
14 200 0.5590113
15 200 1.237846
16 200 0.619107
17 200 0.098929
18 200 0.765578
19 200 0.187230
20 200 0.462731
21 200 0.532099
22 200 0.117014
23 200 0.108629
24 200 0.839357
25 200 2.396995
26 200 1.678369
27 200 1.338509
28 200 2.176599
29 200 0.401170
30 200 0.678462
31 200 3.860977
32 200 0.979881
33 200 0.609034
34 200 2.200854
35 200 0.813096
36 200 1.478879
37 200 2.593717
38 200 1.703016
39 200 1.383849
40 200 4.694098
41 200 1.857506
42 200 2.934109
43 200 1.429196
44 200 5.185008
45 200 1.904477
46 200 2.141213
47 200 2.313497
48 200 4.522003
49 200 3.203361
50 200 2.298115
51 200 3.771184
52 200 0.135948
53 200 1.593462
54 200 1.067486
55 200 1.202106
56 200 1.043769
57 200 1.425324
58 200 0.631683
59 200 0.114644
60 200 0.692910
61 200 0.212010
62 200 1.112893
63 200 0.291702
64 200 0.476915
65 200 1.093707
66 200 0.804162
67 200 0.090550
68 200 0.593854
69 200 0.602681
70 200 0.114610
71 200 0.166976
72 200 0.215840
73 200 0.169028
74 200 2.900597
75 200 2.953220
76 200 1.611365
77 200 2.882029
78 200 2.935695
79 200 2.627340
80 200 1.597619
81 200 0.248411
82 200 1.659519
83 200 5.195336
84 200 0.897734
85 200 0.608132
86 200 0.683018
87 200 4.260218
88 200 1.194404
89 200 1.116419
90 200 0.942036
91 200 1.810465
92 200 1.300136
93 200 0.450373
94 200 1.046387
95 200 1.460851
96 200 0.162851
97 200 0.379783
98 200 0.162434
99 200 0.107897
100 200 0.094089
101 200 0.114176
102 200 0.139744
103 200 0.116779
104 200 0.706232
105 200 2.879445
106 200 5.081629
107 200 5.165475
108 200 2.995241
109 200 1.501284
110 200 0.272306
111 200 0.629229
112 200 0.256778
113 200 0.115704
114 200 0.683451
115 200 0.154560
116 200 0.108309
117 200 0.097112
118 200 0.173852
119 200 0.285759
120 200 0.136593
121 200 0.094589
122 200 0.628519
123 200 0.074573
124 200 0.108744
125 200 0.176989
126 200 0.177645
127 200 0.123864
128 200 0.627684
129 200 0.180169
130 200 0.735268
131 200 0.099244
132 200 0.092672
133 200 0.104176
134 200 0.209803
135 200 0.618626
136 200 0.094929
137 200 0.619339
138 200 0.195268
139 200 0.612106
140 200 0.142706
141 200 0.701355
142 200 0.089449
143 200 0.879764
144 200 0.121350
145 200 0.138392
146 200 0.282542
147 200 0.120476
148 200 0.109848
149 200 0.518027
150 200 0.204337
151 200 0.314513
152 200 0.992238
153 200 1.627784
154 200 0.129242
155 200 0.736545
156 200 0.166242
157 200 0.607402
158 200 1.630218
159 200 0.492430
160 200 0.749093
161 200 2.712782
162 200 5.118066
163 200 2.473234
164 200 2.465861
165 200 2.355972
166 200 4.737195
167 200 4.397576
168 200 2.188103
169 200 5.281975
170 200 0.608320
171 200 3.202169
172 200 0.135536
173 200 0.864797
174 200 0.198010
175 200 0.220763
176 200 0.139478
177 200 0.119502
178 200 0.168693
179 200 0.096949
180 200 0.654820
181 200 0.160392
182 200 0.167145
183 200 0.832653
184 200 0.584480
185 200 0.602618
186 200 0.682345
187 200 0.334618
188 200 0.187649
189 200 0.074115
190 200 0.104299
191 200 0.218063
192 200 0.147279
193 200 0.694248
194 200 0.090559
195 200 0.153517
196 200 0.572877
197 200 0.116015
198 200 0.504833
199 200 0.092033
200 200 0.622819
201 200 0.165377
202 200 0.798231
203 200 0.566332
204 200 1.112222
205 200 0.748860
206 200 0.805159
207 200 0.769232
208 200 0.271253
209 200 1.160967
210 200 0.537105
211 200 0.770688
212 200 0.617121
213 200 0.214041
214 200 0.622098
215 200 0.451625
216 200 1.078280
217 200 2.186840
218 200 0.163252
219 200 1.070762
220 200 0.464390
221 200 0.914216
222 200 0.987764
223 200 0.813397
224 200 0.986662
225 200 1.059132
226 200 5.605990
227 200 4.604774
228 200 2.055969
229 200 2.832881
230 200 0.621117
231 200 1.292021
232 200 0.572514
233 200 0.252473
234 200 0.107500
235 200 1.641065
236 200 0.116078
237 200 1.234696
238 200 0.173339
239 200 0.113753
240 200 0.608047
241 200 0.679740
242 200 0.590323
243 200 0.094046
244 200 0.134338
245 200 0.092044
246 200 0.634895
247 200 0.112483
248 200 0.180077
249 200 0.118566
250 200 0.129804
251 200 0.176134
252 200 0.094802
253 200 0.111321
254 200 0.674380
255 200 0.203912
256 200 0.572106
257 200 0.157041
258 200 0.650748
259 200 0.088437
260 200 0.682932
261 200 0.271623
262 200 0.680421
263 200 0.588138
264 200 0.089228
265 200 0.218805
266 200 0.204565
267 200 0.099561
268 200 0.866852
269 200 0.609452
270 200 0.157025
271 200 0.140275
272 200 0.607244
273 200 0.193523
274 200 0.150514
275 200 0.173288
276 200 0.271204
277 200 0.112733
278 200 0.151408
279 200 0.092238
280 200 0.095298
281 200 0.656915
282 200 0.218818
283 200 0.113834
284 200 0.104777
285 200 0.662522
286 200 1.044534
287 200 0.617386
288 200 0.140531
289 200 1.333084
290 200 0.787873
291 200 1.200754
292 200 0.584123
293 200 0.846403
294 200 0.626349
295 200 0.713793
296 200 0.509228
297 200 1.114889
298 200 0.156421
299 200 0.627120
300 200 1.921192
