74
83
83
86
87
89
91
92
92
94
95
98
102
102
103
106
106
107
108
108
108
109
109
110
112
112
113
114
115
117
120
120
120
122
123
125
134
136
137
137
138
142
142
143
145
147
147
149
151
155
156
156
157
158
160
161
166
166
168
170
171
172
172
176
177
182
186
187
188
196
196
197
199
204
207
209
211
214
233
235
238
246
246
279
304
305
324
368
373
379
380
386
393
401
405
417
429
443
465
473
482
486
506
509
520
538
548
560
570
587
590
591
591
594
601
604
604
604
607
607
608
609
609
609
610
611
615
616
619
625
627
634
637
640
643
648
648
651
652
652
656
656
665
665
667
670
673
674
675
678
682
684
685
691
697
717
724
725
726
753
754
755
772
773
774
777
778
785
793
794
800
804
807
811
813
815
817
818
831
833
839
877
878
882
893
923
937
937
939
983
983
1002
1002
1010
1012
1015
1023
1077
1078
1122
1142
1151
1198
1206
1207
1217
1218
1230
1279
1285
1291
1291
1310
1338
1340
1376
1395
1414
1421
1436
1437
1453
1457
1530
1540
1548
1568
1620
1665
1667
1700
1701
1760
1770
1800
1826
1867
1879
1891
1956
1988
1989
1990
1998
2010
2028
2038
2118
2134
2230
2279
2354
2374
2414
2451
2470
2496
2519
2625
2684
2745
2770
2869
2885
2902
2910
2952
2975
3019
3025
3059
3215
3236
3281
3297
3442
3568
3622
3652
3675
3774
3841
4139
4520
4635
4656
4912
5097
5128
5151
5154
5166
5187
5211
5482
5578
5593
5638
5684
5739
