1 200 1.453154
2 200 1.151161
3 200 0.560475
4 200 0.793786
5 200 0.838627
6 200 2.745305
7 200 1.338122
8 200 4.138575
9 200 3.058648
10 200 5.683791
11 200 3.840690
12 200 1.759724
13 200 2.450856
14 200 1.539784
15 200 2.134177
16 200 2.952220
17 200 0.379333
18 200 1.078130
19 200 0.122224
20 200 0.148521
21 200 0.278847
22 200 0.108100
23 200 0.120451
24 200 5.210854
25 200 3.442105
26 200 1.077332
27 200 0.155058
28 200 0.807245
29 200 0.684389
30 200 0.115398
31 200 0.537543
32 200 0.102286
33 200 0.716510
34 200 0.651339
35 200 0.725620
36 200 1.023487
37 200 0.181723
38 200 0.610457
39 200 0.113603
40 200 0.093923
41 200 0.238071
42 200 0.608839
43 200 0.591447
44 200 0.442904
45 200 0.606955
46 200 1.229982
47 200 0.685085
48 200 0.923272
49 200 0.804470
50 200 1.010108
51 200 2.974685
52 200 1.197858
53 200 0.777623
54 200 0.176022
55 200 2.373567
56 200 0.112122
57 200 0.878043
58 200 1.567761
59 200 1.825919
60 200 0.937462
61 200 0.665404
62 200 0.206868
63 200 1.420883
64 200 2.518639
65 200 1.207062
66 200 0.176599
67 200 4.655699
68 200 1.205638
69 200 1.700595
70 200 1.014735
71 200 0.774205
72 200 1.216677
73 200 3.622188
74 200 2.770084
75 200 5.577547
76 200 1.279294
77 200 1.290975
78 200 4.519500
79 200 1.989843
80 200 5.153861
81 200 1.891201
82 200 2.885418
83 200 0.159633
84 200 0.675266
85 200 0.520284
86 200 0.892721
87 200 0.167646
88 200 0.171504
89 200 0.161165
90 200 0.186400
91 200 0.594071
92 200 0.603568
93 200 0.171198
94 200 0.810709
95 200 0.626519
96 200 0.074300
97 200 0.136804
98 200 0.604439
99 200 0.373017
100 200 0.937140
101 200 0.304295
102 200 1.121742
103 200 0.833305
104 200 2.683793
105 200 0.753338
106 200 0.773119
107 200 0.982550
108 200 1.011808
109 200 3.281468
110 200 4.912110
111 200 3.019401
112 200 2.469782
113 200 5.739410
114 200 5.637993
115 200 5.481902
116 200 3.215161
117 200 3.674887
118 200 0.691461
119 200 1.879269
120 200 1.394691
121 200 2.910403
122 200 1.700222
123 200 0.664849
124 200 0.107995
125 200 0.624801
126 200 0.136440
127 200 0.142693
128 200 0.615252
129 200 0.755097
130 200 0.092099
131 200 0.672675
132 200 0.651602
133 200 0.604184
134 200 0.196810
135 200 0.608966
136 200 0.108029
137 200 0.725448
138 200 0.830582
139 200 0.655787
140 200 0.196019
141 200 0.141617
142 200 0.107362
143 200 0.103398
144 200 0.209356
145 200 0.547640
146 200 0.785258
147 200 0.123272
148 200 0.188139
149 200 0.881900
150 200 0.400784
151 200 0.429039
152 200 0.648435
153 200 1.001849
154 200 2.278819
155 200 0.464803
156 200 1.437430
157 200 1.530126
158 200 0.793294
159 200 3.025185
160 200 1.340452
161 200 5.096641
162 200 5.151038
163 200 5.165659
164 200 5.186873
165 200 2.229805
166 200 2.625019
167 200 5.592549
168 200 1.998115
169 200 2.027573
170 200 0.380039
171 200 0.172303
172 200 0.105723
173 200 0.587279
174 200 0.147298
175 200 0.094852
176 200 0.082878
177 200 0.133669
178 200 0.590844
179 200 0.606999
180 200 0.198541
181 200 0.204328
182 200 0.086943
183 200 0.655650
184 200 0.109021
185 200 0.652192
186 200 0.607566
187 200 0.086422
188 200 0.677659
189 200 0.124744
190 200 0.109596
191 200 0.119833
192 200 0.213602
193 200 0.166151
194 200 0.187386
195 200 0.210789
196 200 0.609383
197 200 0.105558
198 200 0.155624
199 200 0.589797
200 200 0.098419
201 200 0.405380
202 200 0.156361
203 200 0.166066
204 200 0.648065
205 200 2.117536
206 200 1.141695
207 200 1.666798
208 200 2.037507
209 200 1.435869
210 200 1.413982
211 200 1.665038
212 200 1.955718
213 200 1.218436
214 200 2.902385
215 200 3.297229
216 200 3.773529
217 200 1.619612
218 200 1.770455
219 200 3.651643
220 200 0.776648
221 200 2.009644
222 200 0.982844
223 200 1.285146
224 200 3.235659
225 200 1.290729
226 200 0.385820
227 200 0.509077
228 200 0.876646
229 200 0.234881
230 200 0.144535
231 200 0.137278
232 200 0.392927
233 200 0.092048
234 200 0.682289
235 200 0.245746
236 200 0.089198
237 200 0.102318
238 200 0.674351
239 200 0.800062
240 200 0.723735
241 200 0.634302
242 200 0.083177
243 200 0.146536
244 200 0.601232
245 200 0.117374
246 200 0.196472
247 200 0.091069
248 200 0.112028
249 200 0.119947
250 200 0.486346
251 200 0.109469
252 200 0.666623
253 200 0.157957
254 200 0.616269
255 200 0.245782
256 200 0.670248
257 200 0.304780
258 200 0.150833
259 200 0.611388
260 200 0.141625
261 200 0.640205
262 200 0.636547
263 200 0.817413
264 200 0.323681
265 200 0.473097
266 200 0.569985
267 200 0.482003
268 200 0.642798
269 200 0.696819
270 200 0.367798
271 200 0.232598
272 200 0.157305
273 200 0.113180
274 200 0.170433
275 200 0.818451
276 200 0.137724
277 200 0.753510
278 200 1.548020
279 200 0.812602
280 200 0.771578
281 200 1.001944
282 200 1.457408
283 200 0.417264
284 200 5.127736
285 200 3.568173
286 200 4.635437
287 200 2.496458
288 200 2.353851
289 200 1.988778
290 200 2.413637
291 200 0.814824
292 200 0.938853
293 200 1.866951
294 200 1.988160
295 200 1.375913
296 200 0.505554
297 200 1.310077
298 200 2.868725
299 200 0.619057
300 200 1.800052
